Adadelta 1 1.7781971435546875 34.0
Adadelta 2 1.6421918334960937 42.25
Adadelta 3 1.5530922973632812 44.39
Adadelta 4 1.5407207885742187 44.22
Adadelta 5 1.5326267944335938 45.09
Adadelta 6 1.54672470703125 44.69
Adadelta 7 1.5303185913085937 45.5
Adadelta 8 1.4945161987304687 46.43
Adadelta 9 1.497565478515625 46.48
Adadelta 10 1.4966708618164062 46.65
Adadelta 11 1.5034207885742188 46.33
Adadelta 12 1.502534326171875 46.46
Adadelta 13 1.495147021484375 46.62
Adadelta 14 1.4920307739257812 46.8