1 0.01838100292098423
2 0.03419549451450926
3 0.05084394607800211
4 0.06647940362331124
5 0.0812802487127459
6 0.09567502463237643
7 0.11020673007745431
8 0.12469791931291459
9 0.13845382877747675
10 0.15187590097816647
11 0.1652540728897905
12 0.17799263578611388
13 0.19030799922162114
14 0.202735679697243
15 0.2153862025290823
16 0.22798875250727874
17 0.24122135286825402
18 0.2530329203422605
19 0.26448931384376434
20 0.27618029360884055
21 0.28854171110892707
22 0.3004625310366991
23 0.31232452015043904
24 0.3234817302921073
25 0.3344209315833264
26 0.3459040798289762
27 0.35725165755796034
28 0.3682795247433663
29 0.3794420792060408
30 0.39055987058048897
