1 0.01860930861682367
2 0.03634804338502792
3 0.053637531729592625
4 0.07037995895817734
5 0.0876143225018824
6 0.10449538792239804
7 0.12198641387148691
8 0.13870263351359888
9 0.15598661473982622
10 0.1724969909805864
11 0.18902156777055462
12 0.20545857187577415
13 0.22174624037605328
14 0.2376911799570573
15 0.2549230518511908
16 0.2719179204237896
17 0.28873842409308415
18 0.30472809026734005
19 0.32176238271721797
20 0.3380123900055351
21 0.35472138043938733
22 0.3709939182834296
23 0.3877722483297532
24 0.4044683833039882
25 0.4212879171298241
26 0.4374117974051282
27 0.45393285229659125
28 0.47047590850944787
29 0.4869623918679763
30 0.503162864912647
