1 1.1007063139597575
2 1.6465913993040722
3 2.081566229780515
4 2.468079398830732
5 2.8275523109873135
6 3.169508686844508
7 3.49920517026186
8 3.819489347422123
9 4.132522951261202
10 4.4396989883522195
11 4.742008233245214
12 5.040121378040314
13 5.334516714507341
14 5.625626025080681
15 5.91400263911287
16 6.199762996455034
17 6.483283597809076
18 6.764741903720299
19 7.044217646656434
20 7.3219886767586075
21 7.598185353600979
22 7.872903963049253
23 8.146230916762352
24 8.418203323777517
25 8.688930194157361
26 8.958497419005633
27 9.227031113714974
28 9.494541259480517
29 9.7610183596313
30 10.026616037535668
