Adadelta 1 0.06902594413757324 97.78
Adadelta 2 0.05715177421569824 98.21
Adadelta 3 0.04593942108154297 98.5
Adadelta 4 0.04705987739562988 98.46
Adadelta 5 0.045699048233032225 98.45
Adadelta 6 0.040671533298492435 98.65
Adadelta 7 0.03952035675048828 98.69
Adadelta 8 0.04082450790405273 98.66
Adadelta 9 0.041068119239807126 98.66
Adadelta 10 0.03957983283996582 98.73
Adadelta 11 0.04153380088806152 98.66
Adadelta 12 0.04004620513916016 98.66
Adadelta 13 0.03995976219177246 98.69
Adadelta 14 0.04045273952484131 98.66
