1 -11.005735739135742
2 -82.81124407246908
3 -256.1563357391357
4 -573.0519190724691
5 -1052.7133024058023
6 -1730.8777607391357
7 -2662.9529399058024
8 -3843.2207732391357
9 -5324.840131572469
10 -7125.682714905803
11 -9311.013914905803
12 -11862.392739905803
13 -14888.750923239135
14 -18318.16640657247
15 -22196.16260657247
16 -26705.3390399058
17 -31814.53980657247
18 -37259.00862323913
19 -43446.672156572466
20 -50375.731523239134
21 -57805.3907899058
22 -65958.79995657247
23 -74955.37672323914
24 -84574.40682323913
25 -95118.4055899058
26 -106701.3969899058
27 -118905.6083899058
28 -131751.53805657246
29 -145533.07425657246
30 -160492.9205899058
