Adadelta 1 0.18398214721679687 95.03
Adadelta 2 0.3292030883789063 89.2
Adadelta 3 0.4195850708007812 86.37
Adadelta 4 0.4260644073486328 84.66
Adadelta 5 0.41474481506347655 85.74
Adadelta 6 0.5228183319091797 82.54
Adadelta 7 0.6317427734375 79.44
Adadelta 8 0.5867236938476562 81.6
Adadelta 9 0.6173652648925781 81.32
Adadelta 10 0.5539410034179687 82.33
Adadelta 11 0.5973496643066406 81.46
Adadelta 12 0.5856002014160157 80.6
Adadelta 13 0.5704640930175782 82.41
Adadelta 14 0.5673354675292969 82.69
